0.000000 0
0.054830 0
-0.096120 0
0.110113 0
-0.091154 0
0.043953 0
0.017519 0
-0.074281 0
0.108415 0
-0.108970 0
0.075669 0
-0.019139 0
-0.042511 0
0.089611 0
-0.107395 0
0.090787 0
-0.045898 0
-0.012242 0
0.064884 0
-0.095857 0
0.096741 0
-0.069194 0
0.023719 0
0.024512 0
-0.061129 0
0.077293 0
-0.071988 0
0.051219 0
-0.024659 0
0.001283 0
0.014139 0
-0.022254 0
0.027618 0
-0.035278 0
0.047098 0
-0.059677 0
0.065056 0
-0.054195 0
0.021894 0
0.029002 0
-0.086258 0
0.130923 0
-0.143610 0
0.112331 0
-0.038887 0
-0.059042 0
0.151652 0
-0.206041 0
0.197803 0
-0.121141 0
-0.006481 0
0.147541 0
-0.255271 0
0.288998 0
-0.228971 0
0.085339 0
0.102445 0
-0.276418 0
0.378172 0
-0.368480 0
0.241812 0
-0.030446 0
-0.203901 0
0.388737 0
-0.463992 0
0.402109 0
-0.218171 0
-0.033697 0
0.276850 0
-0.436397 0
0.463306 0
-0.350318 0
0.134312 0
0.115747 0
-0.321291 0
0.419547 0
-0.383417 0
0.229290 0
-0.010422 0
-0.201569 0
0.340590 0
-0.367147 0
0.279671 0
-0.112694 0
-0.076826 0
0.229725 0
-0.304037 0
0.286961 0
-0.195752 0
0.068152 0
0.053278 0
-0.136586 0
0.169824 0
-0.161371 0
0.131938 0
-0.102394 0
0.083066 0
-0.069367 0
0.045681 0
0.004298 0
-0.085623 0
0.184412 0
-0.268799 0
0.299354 0
-0.245608 0
0.102186 0
0.102612 0
-0.310707 0
0.450971 0
-0.463983 0
0.326173 0
-0.063924 0
-0.249019 0
0.511890 0
-0.629435 0
0.546065 0
-0.269407 0
-0.126173 0
0.519082 0
-0.778045 0
0.805935 0
-0.575081 0
0.141302 0
0.369440 0
-0.798739 0
1.006226 0
-0.916346 0
0.545536 0
0.000000 0
-0.556092 0
0.952153 0
-1.065780 0
0.862389 0
-0.406602 0
-0.158527 0
0.657682 0
-0.939555 0
0.924623 0
-0.628836 0
0.155817 0
0.339163 0
-0.700807 0
0.823504 0
-0.682744 0
0.338600 0
0.088614 0
-0.460965 0
0.668523 0
-0.662468 0
0.465347 0
-0.156690 0
-0.159098 0
0.389901 0
-0.484557 0
0.443656 0
-0.310368 0
0.146947 0
-0.007521 0
-0.081528 0
0.126252 0
-0.154185 0
0.193838 0
-0.254739 0
0.317778 0
-0.341106 0
0.279834 0
-0.111343 0
-0.145291 0
0.425716 0
-0.636664 0
0.688188 0
-0.530518 0
0.181023 0
0.270943 0
-0.686110 0
0.919136 0
-0.870135 0
0.525554 0
0.027734 0
-0.622760 0
1.062957 0
-1.187292 0
0.928184 0
-0.341375 0
-0.404434 0
1.077041 0
-1.454469 0
1.398987 0
-0.906361 0
0.112669 0
0.745067 0
-1.402686 0
1.653398 0
-1.415164 0
0.758382 0
0.115703 0
-0.939048 0
1.462338 0
-1.533864 0
1.145946 0
-0.434139 0
-0.369713 0
1.014190 0
-1.308871 0
1.182252 0
-0.698831 0
0.031399 0
0.600327 0
-1.002814 0
1.068755 0
-0.804933 0
0.320711 0
0.216193 0
-0.639269 0
0.836697 0
-0.781004 0
0.526923 0
-0.181449 0
-0.140304 0
0.355796 0
-0.437611 0
0.411364 0
-0.332740 0
0.255482 0
-0.205057 0
0.169431 0
-0.110405 0
-0.010278 0
0.202630 0
-0.431876 0
0.622978 0
-0.686629 0
0.557553 0
-0.229593 0
-0.228194 0
0.683931 0
-0.982608 0
1.000732 0
-0.696405 0
0.135112 0
0.521060 0
-1.060406 0
1.290925 0
-1.108823 0
0.541636 0
0.251164 0
-1.023135 0
1.518518 0
-1.557563 0
1.100567 0
-0.267786 0
-0.693346 0
1.484522 0
-1.852099 0
1.670420 0
-0.984913 0
-0.000000 0
0.984846 0
-1.670192 0
1.851720 0
-1.484117 0
0.693110 0
0.267676 0
-1.100041 0
1.556713 0
-1.517586 0
1.022437 0
-0.250976 0
-0.541193 0
1.107839 0
-1.289691 0
1.059321 0
-0.520491 0
-0.134955 0
0.695549 0
-0.999434 0
0.981265 0
-0.682950 0
0.227851 0
0.229233 0
-0.556639 0
0.685455 0
-0.621871 0
0.431079 0
-0.202241 0
0.010258 0
0.110178 0
-0.169071 0
0.204608 0
-0.254904 0
0.331964 0
-0.410377 0
0.436530 0
-0.354893 0
0.139938 0
0.180963 0
-0.525475 0
0.778803 0
-0.834281 0
0.637378 0
-0.215538 0
-0.319717 0
0.802383 0
-1.065294 0
0.999495 0
-0.598298 0
-0.031291 0
0.696370 0
-1.178004 0
1.304075 0
-1.010402 0
0.368305 0
0.432455 0
-1.141420 0
1.527696 0
-1.456353 0
0.935136 0
-0.115213 0
-0.755114 0
1.408963 0
-1.646033 0
1.396336 0
-0.741640 0
-0.112143 0
0.902059 0
-1.392244 0
1.447351 0
-1.071691 0
0.402395 0
0.339628 0
-0.923367 0
1.181042 0
-1.057282 0
0.619389 0
-0.027581 0
-0.522630 0
0.865228 0
-0.913883 0
0.682137 0
-0.269353 0
-0.179947 0
0.527324 0
-0.683992 0
0.632734 0
-0.423055 0
0.144372 0
0.110630 0
-0.278020 0
0.338867 0
-0.315668 0
0.253028 0
-0.192521 0
0.153124 0
-0.125374 0
0.080955 0
0.007468 0
-0.145889 0
0.308110 0
-0.440392 0
0.480953 0
-0.386968 0
0.157889 0
0.155486 0
-0.461733 0
0.657268 0
-0.663220 0
0.457270 0
-0.087896 0
-0.335829 0
0.677099 0
-0.816625 0
0.694894 0
-0.336272 0
-0.154475 0
0.623368 0
-0.916502 0
0.931221 0
-0.651791 0
0.157093 0
0.402888 0
-0.854435 0
1.055856 0
-0.943201 0
0.550814 0
0.000000 0
-0.540259 0
0.907398 0
-0.996308 0
0.790793 0
-0.365730 0
-0.139869 0
0.569198 0
-0.797615 0
0.769938 0
-0.513624 0
0.124834 0
0.266523 0
-0.540165 0
0.622573 0
-0.506259 0
0.246255 0
0.063209 0
-0.322487 0
0.458693 0
-0.445784 0
0.307101 0
-0.101410 0
-0.100979 0
0.242681 0
-0.295756 0
0.265540 0
-0.182156 0
0.084567 0
-0.004244 0
-0.045108 0
0.068488 0
-0.082005 0
0.101075 0
-0.130224 0
0.159255 0
-0.167578 0
0.134764 0
-0.052561 0
-0.067228 0
0.193073 0
-0.282999 0
0.299803 0
-0.226498 0
0.075738 0
0.111084 0
-0.275640 0
0.361810 0
-0.335596 0
0.198589 0
0.010267 0
-0.225840 0
0.377599 0
-0.413125 0
0.316331 0
-0.113945 0
-0.132203 0
0.344768 0
-0.455901 0
0.429362 0
-0.272347 0
0.033144 0
0.214560 0
-0.395396 0
0.456178 0
-0.382133 0
0.200406 0
0.029919 0
-0.237593 0
0.361994 0
-0.371456 0
0.271465 0
-0.100593 0
-0.083782 0
0.224756 0
-0.283629 0
0.250485 0
-0.144750 0
0.006358 0
0.118807 0
-0.193956 0
0.201997 0
-0.148647 0
0.057861 0
0.038101 0
-0.110041 0
0.140655 0
-0.128203 0
0.084448 0
-0.028388 0
-0.021425 0
0.053024 0
-0.063637 0
0.058362 0
-0.046050 0
0.034485 0
-0.026991 0
0.021744 0
-0.013812 0
-0.001253 0
0.024076 0
-0.049994 0
0.070248 0
-0.075405 0
0.059620 0
-0.023900 0
-0.023120 0
0.067427 0
-0.094243 0
0.093353 0
-0.063170 0
0.011914 0
0.044657 0
-0.088302 0
0.104420 0
-0.087098 0
0.041304 0
0.018588 0
-0.073466 0
0.105755 0
-0.105175 0
0.072031 0
-0.016981 0
-0.042585 0
0.088278 0
-0.106589 0
0.092999 0
-0.812118 0
