-0.758611 0
-0.758556 -0.00930607
-0.758398 -0.018609
-0.758104 -0.0279156
-0.757696 -0.0372237
-0.757195 -0.0465146
-0.756555 -0.0558082
-0.755809 -0.0650848
-0.754961 -0.0743506
-0.753987 -0.08361
-0.752909 -0.09285
-0.751708 -0.102087
-0.750391 -0.111301
-0.748971 -0.120502
-0.747427 -0.12969
-0.745788 -0.138848
-0.74403 -0.147987
-0.742151 -0.157096
-0.74016 -0.166205
-0.738064 -0.175271
-0.735845 -0.184307
-0.733536 -0.193332
-0.73111 -0.202307
-0.728565 -0.211266
-0.725914 -0.220203
-0.723159 -0.229085
-0.720289 -0.237938
-0.717307 -0.246766
-0.714234 -0.255547
-0.71103 -0.264286
-0.707727 -0.272993
-0.704326 -0.281656
-0.700805 -0.290281
-0.697194 -0.29886
-0.693468 -0.30738
-0.689647 -0.315869
-0.685699 -0.3243
-0.681667 -0.332692
-0.677535 -0.341036
-0.673293 -0.349317
-0.668942 -0.357561
-0.664504 -0.365733
-0.659968 -0.373857
-0.655313 -0.381923
-0.650583 -0.389943
-0.645733 -0.397885
-0.640796 -0.405775
-0.635769 -0.413611
-0.630645 -0.421385
-0.625417 -0.429103
-0.620097 -0.436719
-0.614677 -0.444305
-0.609176 -0.451813
-0.603578 -0.459236
-0.59789 -0.466616
-0.592108 -0.473902
-0.586251 -0.481135
-0.580291 -0.48829
-0.574243 -0.495368
-0.56811 -0.502373
-0.561897 -0.50931
-0.555593 -0.516161
-0.549207 -0.522928
-0.542741 -0.52963
-0.536194 -0.536234
-0.529564 -0.542776
-0.522839 -0.549233
-0.516058 -0.555593
-0.50919 -0.561877
-0.502259 -0.568081
-0.495225 -0.574198
-0.488135 -0.580225
-0.480962 -0.586162
-0.473727 -0.592007
-0.466407 -0.597779
-0.459022 -0.603449
-0.451582 -0.609028
-0.444057 -0.614513
-0.436469 -0.619906
-0.428818 -0.625211
-0.421098 -0.630414
-0.413319 -0.635529
-0.405471 -0.640538
-0.39756 -0.645463
-0.389611 -0.650272
-0.381569 -0.655004
-0.373502 -0.659617
-0.365354 -0.664141
-0.357154 -0.668562
-0.348921 -0.672874
-0.340619 -0.6771
-0.332264 -0.681213
-0.323853 -0.685222
-0.315415 -0.689146
-0.306907 -0.692941
-0.298359 -0.696634
-0.289768 -0.700222
-0.281129 -0.70371
-0.272456 -0.707089
-0.263751 -0.710357
-0.254993 -0.713531
-0.246177 -0.716587
-0.237353 -0.719534
-0.228478 -0.72237
-0.219575 -0.725093
-0.210634 -0.727713
-0.201664 -0.730217
-0.192661 -0.732607
-0.183628 -0.734898
-0.174577 -0.737062
-0.165481 -0.739135
-0.15637 -0.741071
-0.147231 -0.742901
-0.138089 -0.744625
-0.128905 -0.746232
-0.119714 -0.747724
-0.110491 -0.749098
-0.101255 -0.750367
-0.0920092 -0.751511
-0.0827447 -0.752549
-0.073471 -0.75346
-0.0641723 -0.75426
-0.054884 -0.754952
-0.0455636 -0.755514
-0.0362552 -0.755984
-0.0269381 -0.756315
-0.0176127 -0.756522
-0.00828652 -0.756636
0.001044 -0.756621
0.0103825 -0.756488
0.0197132 -0.756236
0.0290339 -0.755875
0.0383586 -0.755395
0.0476814 -0.754792
0.0569952 -0.754072
0.0663 -0.753229
0.0755917 -0.752287
0.084865 -0.751217
0.0941393 -0.750021
0.103402 -0.748715
0.112642 -0.747297
0.121871 -0.745743
0.131089 -0.744084
0.140275 -0.742295
0.149459 -0.740401
0.158611 -0.738381
0.167732 -0.736234
0.17683 -0.733987
0.185915 -0.73161
0.194962 -0.729115
0.203989 -0.726501
0.212987 -0.723762
0.221951 -0.72091
0.230877 -0.717921
0.23977 -0.714825
0.248648 -0.711609
0.257469 -0.708268
0.26626 -0.704793
0.275018 -0.701208
0.283728 -0.69748
0.292407 -0.693656
0.301042 -0.689677
0.309622 -0.685592
0.318176 -0.68136
0.326675 -0.677005
0.335133 -0.67252
0.343538 -0.667894
0.351896 -0.663128
0.360198 -0.658229
0.368462 -0.65317
0.376667 -0.647981
0.384825 -0.642628
0.392929 -0.637116
0.400977 -0.631442
0.408971 -0.625604
0.416918 -0.619579
0.424789 -0.613358
0.432616 -0.606955
0.440386 -0.600331
0.448092 -0.593477
0.455758 -0.586373
0.463355 -0.578993
0.470887 -0.571327
0.478368 -0.563321
0.485788 -0.554935
0.493162 -0.546134
0.500472 -0.536855
0.507734 -0.527008
0.514945 -0.516502
0.522103 -0.505198
0.529216 -0.492943
0.536286 -0.479533
0.543324 -0.464644
0.550355 -0.447884
0.557351 -0.428674
0.564353 -0.406195
0.57137 -0.379187
0.57845 -0.345756
0.585633 -0.302788
0.592978 -0.244931
0.600571 -0.162435
0.608591 -0.0359373
0.6173 0.176379
0.62678 0.563843
0.628132 0.655664
0.907046 46.1113
0.628655 -113.046
0.350444 46.2205
0.629925 0.892205
0.632359 0.973242
0.643749 0.857856
0.655235 1.12878
0.655723 1.1073
1.00255 57.8238
0.652243 -141.216
0.301608 57.7661
0.647477 0.977332
0.64624 0.890312
0.655015 0.431721
0.662629 0.190826
0.66924 0.0565076
0.675136 -0.0229875
0.680546 -0.071292
0.685563 -0.0998492
0.690302 -0.114014
0.694833 -0.115247
0.699223 -0.100749
0.7035 -0.0609723
0.706583 -0.0559399
0.744174 5.62081
0.711935 -14.2788
0.679547 5.62377
0.716675 -0.050636
0.718983 -0.0546354
0.72216 -0.0955225
0.72511 -0.114395
0.727842 -0.122378
0.730389 -0.124715
0.732765 -0.123832
0.734996 -0.12094
0.737063 -0.116738
0.739006 -0.111609
0.740809 -0.105819
0.742482 -0.0995174
0.744032 -0.0928389
0.745435 -0.0858544
0.746735 -0.0786318
0.747903 -0.0712087
0.748946 -0.0636319
0.749859 -0.0559197
0.750654 -0.0481068
0.751333 -0.0402061
0.751878 -0.0322432
0.752307 -0.0242268
0.752604 -0.0161699
0.752796 -0.00809267
0.752855 1.59945e-13
0.752796 0.00809267
0.752604 0.0161699
0.752307 0.0242268
0.751878 0.0322432
0.751333 0.0402061
0.750654 0.0481068
0.749859 0.0559197
0.748946 0.0636319
0.747903 0.0712087
0.746735 0.0786318
0.745435 0.0858544
0.744032 0.0928389
0.742482 0.0995174
0.740809 0.105819
0.739006 0.111609
0.737063 0.116738
0.734996 0.12094
0.732765 0.123832
0.730389 0.124715
0.727842 0.122378
0.72511 0.114395
0.72216 0.0955225
0.718983 0.0546354
0.716675 0.050636
0.679547 -5.62377
0.711935 14.2788
0.744174 -5.62081
0.706583 0.0559399
0.7035 0.0609723
0.699223 0.100749
0.694833 0.115247
0.690302 0.114014
0.685563 0.0998492
0.680546 0.071292
0.675136 0.0229875
0.66924 -0.0565076
0.662629 -0.190826
0.655015 -0.431721
0.64624 -0.890312
0.647477 -0.977332
0.301608 -57.7661
0.652243 141.216
1.00255 -57.8238
0.655723 -1.1073
0.655235 -1.12878
0.643749 -0.857856
0.632359 -0.973242
0.629925 -0.892205
0.350444 -46.2205
0.628655 113.046
0.907046 -46.1113
0.628132 -0.655664
0.62678 -0.563843
0.6173 -0.176379
0.608591 0.0359373
0.600571 0.162435
0.592978 0.244931
0.585633 0.302788
0.57845 0.345756
0.57137 0.379187
0.564353 0.406195
0.557351 0.428674
0.550355 0.447884
0.543324 0.464644
0.536286 0.479533
0.529216 0.492943
0.522103 0.505198
0.514945 0.516502
0.507734 0.527008
0.500472 0.536855
0.493162 0.546134
0.485788 0.554935
0.478368 0.563321
0.470887 0.571327
0.463355 0.578993
0.455758 0.586373
0.448092 0.593477
0.440386 0.600331
0.432616 0.606955
0.424789 0.613358
0.416918 0.619579
0.408971 0.625604
0.400977 0.631442
0.392929 0.637116
0.384825 0.642628
0.376667 0.647981
0.368462 0.65317
0.360198 0.658229
0.351896 0.663128
0.343538 0.667894
0.335133 0.67252
0.326675 0.677005
0.318176 0.68136
0.309622 0.685592
0.301042 0.689677
0.292407 0.693656
0.283728 0.69748
0.275018 0.701208
0.26626 0.704793
0.257469 0.708268
0.248648 0.711609
0.23977 0.714825
0.230877 0.717921
0.221951 0.72091
0.212987 0.723762
0.203989 0.726501
0.194962 0.729115
0.185915 0.73161
0.17683 0.733987
0.167732 0.736234
0.158611 0.738381
0.149459 0.740401
0.140275 0.742295
0.131089 0.744084
0.121871 0.745743
0.112642 0.747297
0.103402 0.748715
0.0941393 0.750021
0.084865 0.751217
0.0755917 0.752287
0.0663 0.753229
0.0569952 0.754072
0.0476814 0.754792
0.0383586 0.755395
0.0290339 0.755875
0.0197132 0.756236
0.0103825 0.756488
0.001044 0.756621
-0.00828652 0.756636
-0.0176127 0.756522
-0.0269381 0.756315
-0.0362552 0.755984
-0.0455636 0.755514
-0.054884 0.754952
-0.0641723 0.75426
-0.073471 0.75346
-0.0827447 0.752549
-0.0920092 0.751511
-0.101255 0.750367
-0.110491 0.749098
-0.119714 0.747724
-0.128905 0.746232
-0.138089 0.744625
-0.147231 0.742901
-0.15637 0.741071
-0.165481 0.739135
-0.174577 0.737062
-0.183628 0.734898
-0.192661 0.732607
-0.201664 0.730217
-0.210634 0.727713
-0.219575 0.725093
-0.228478 0.72237
-0.237353 0.719534
-0.246177 0.716587
-0.254993 0.713531
-0.263751 0.710357
-0.272456 0.707089
-0.281129 0.70371
-0.289768 0.700222
-0.298359 0.696634
-0.306907 0.692941
-0.315415 0.689146
-0.323853 0.685222
-0.332264 0.681213
-0.340619 0.6771
-0.348921 0.672874
-0.357154 0.668562
-0.365354 0.664141
-0.373502 0.659617
-0.381569 0.655004
-0.389611 0.650272
-0.39756 0.645463
-0.405471 0.640538
-0.413319 0.635529
-0.421098 0.630414
-0.428818 0.625211
-0.436469 0.619906
-0.444057 0.614513
-0.451582 0.609028
-0.459022 0.603449
-0.466407 0.597779
-0.473727 0.592007
-0.480962 0.586162
-0.488135 0.580225
-0.495225 0.574198
-0.502259 0.568081
-0.50919 0.561877
-0.516058 0.555593
-0.522839 0.549233
-0.529564 0.542776
-0.536194 0.536234
-0.542741 0.52963
-0.549207 0.522928
-0.555593 0.516161
-0.561897 0.50931
-0.56811 0.502373
-0.574243 0.495368
-0.580291 0.48829
-0.586251 0.481135
-0.592108 0.473902
-0.59789 0.466616
-0.603578 0.459236
-0.609176 0.451813
-0.614677 0.444305
-0.620097 0.436719
-0.625417 0.429103
-0.630645 0.421385
-0.635769 0.413611
-0.640796 0.405775
-0.645733 0.397885
-0.650583 0.389943
-0.655313 0.381923
-0.659968 0.373857
-0.664504 0.365733
-0.668942 0.357561
-0.673293 0.349317
-0.677535 0.341036
-0.681667 0.332692
-0.685699 0.3243
-0.689647 0.315869
-0.693468 0.30738
-0.697194 0.29886
-0.700805 0.290281
-0.704326 0.281656
-0.707727 0.272993
-0.71103 0.264286
-0.714234 0.255547
-0.717307 0.246766
-0.720289 0.237938
-0.723159 0.229085
-0.725914 0.220203
-0.728565 0.211266
-0.73111 0.202307
-0.733536 0.193332
-0.735845 0.184307
-0.738064 0.175271
-0.74016 0.166205
-0.742151 0.157096
-0.74403 0.147987
-0.745788 0.138848
-0.747427 0.12969
-0.748971 0.120502
-0.750391 0.111301
-0.751708 0.102087
-0.752909 0.09285
-0.753987 0.08361
-0.754961 0.0743506
-0.755809 0.0650848
-0.756555 0.0558082
-0.757195 0.0465146
-0.757696 0.0372237
-0.758104 0.0279156
-0.758398 0.018609
-0.758556 0.00930607
